[avatar.jpg]
filters=Border=1,0.000000,0.000000,100.000000,fffcf8ff,00ffffff,0.000000;finetune2=1,0.052632,0.000000,0.036491,00000000,0.099415;autolight=1;CrossProcess=1,78.362572;finetune2=1,0.000000,0.000000,0.000000,00000000,0.029240;CrossProcess=1,84.795319;
moddate=4c6974cc6e80cf01
width=356
height=356
textactive=0
